DDC0 1.41 1.56 (51) 0.86 1.29 (4) 6.32 (9) 16.7 17.7 1.85 (43) −19.65 0.74 0.74 0.02 0.20
DDC6 1.41 1.50 (51) 0.72 1.20 (4) 5.41 (9) 16.8 18.0 1.57 (43) −19.48 0.72 0.83 0.04 0.36
DDC10 1.41 1.48 (51) 0.62 1.15 (4) 4.63 (9) 17.1 17.7 1.38 (43) −19.33 0.74 0.92 0.04 0.50
DDC15 1.41 1.47 (51) 0.51 1.12 (4) 3.72 (9) 17.6 17.1 1.14 (43) −19.15 0.72 1.03 0.04 0.65
DDC17 1.41 1.41 (51) 0.41 1.08 (4) 2.85 (9) 18.6 17.2 9.10 (42) −18.93 0.67 1.27 0.04 0.90
DDC20 1.41 1.38 (51) 0.30 1.03 (4) 2.12 (9) 18.7 17.2 6.65 (42) −18.44 0.58 1.38 0.28 1.14
DDC22 1.41 1.30 (51) 0.21 9.80 (3) 1.40 (9) 19.6 17.5 4.47 (42) −17.62 0.54 1.22 0.73 1.34
DDC25 1.41 1.18 (51) 0.12 8.56 (3) 7.37 (8) 21.0 19.8 2.62 (42) −16.44 0.62 1.01 1.31 1.50
PDDEL1 1.38 1.35 (51) 0.75 1.33 (4) 5.87 (9) 16.4 18.0 1.62 (43) −19.49 0.76 0.95 0.07 0.51
PDDEL3 1.38 1.33 (51) 0.68 1.30 (4) 5.30 (9) 16.6 18.1 1.48 (43) −19.39 0.76 1.04 0.08 0.62
PDDEL7 1.38 1.32 (51) 0.60 1.29 (4) 4.72 (9) 16.6 17.8 1.32 (43) −19.25 0.72 1.12 0.10 0.77
PDDEL4 1.38 1.30 (51) 0.53 1.27 (4) 4.10 (9) 16.9 17.6 1.16 (43) −19.09 0.69 1.22 0.14 0.90
PDDEL9 1.38 1.26 (51) 0.40 1.23 (4) 3.07 (9) 17.5 16.9 8.81 (42) −18.70 0.63 1.28 0.27 1.10
PDDEL11 1.38 1.23 (51) 0.30 1.18 (4) 2.13 (9) 18.8 16.9 6.42 (42) −18.12 0.60 1.21 0.56 1.27
PDDEL12 1.38 1.21 (51) 0.25 1.15 (4) 1.73 (9) 19.5 17.3 5.43 (42) −17.76 0.60 1.14 0.76 1.35
SCH7p0 1.15 1.40 (51) 0.84 1.51 (4) 7.91 (9) 15.6 15.8 1.85 (43) −19.64 0.85 0.79 0.06 0.12
SCH6p5 1.13 1.35 (51) 0.77 1.44 (4) 7.43 (9) 15.8 16.2 1.71 (43) −19.58 0.86 0.81 0.05 0.14
SCH6p0 1.10 1.30 (51) 0.70 1.39 (4) 6.91 (9) 16.0 16.7 1.57 (43) −19.50 0.86 0.83 0.05 0.17
SCH5p5 1.08 1.23 (51) 0.63 1.32 (4) 6.31 (9) 16.3 17.3 1.42 (43) −19.39 0.87 0.90 0.06 0.26
SCH5p0 1.05 1.16 (51) 0.55 1.25 (4) 5.67 (9) 16.4 17.3 1.25 (43) −19.25 0.87 0.97 0.06 0.39
SCH4p5 1.03 1.09 (51) 0.46 1.20 (4) 4.95 (9) 16.6 17.5 1.08 (43) −19.09 0.86 1.10 0.07 0.57
SCH4p0 1.00 1.03 (51) 0.38 1.16 (4) 4.23 (9) 16.5 17.3 9.01 (42) −18.88 0.84 1.24 0.11 0.74
SCH3p5 0.98 9.71 (50) 0.30 1.14 (4) 3.50 (9) 16.4 16.5 7.34 (42) −18.62 0.81 1.38 0.16 0.91
SCH3p0 0.95 9.19 (50) 0.23 1.11 (4) 2.73 (9) 16.5 15.2 5.76 (42) −18.30 0.80 1.47 0.22 1.07
SCH2p5 0.93 8.67 (50) 0.17 1.08 (4) 2.08 (9) 16.4 14.9 4.36 (42) −17.86 0.80 1.60 0.39 1.22
SCH2p0 0.90 8.14 (50) 0.12 1.05 (4) 1.52 (9) 15.9 14.6 3.17 (42) −17.27 0.85 1.64 0.67 1.31
SCH1p5 0.88 7.59 (50) 0.08 1.02 (4) 1.09 (9) 15.4 13.4 2.26 (42) −16.64 0.98 1.52 0.89 1.34
