3776.7 9.156e-17
3802.3 6.004e-17
3827.9 2.348e-17
3853.4 2.492e-17
3879.0 2.331e-17
3904.6 2.765e-17
3930.1 1.754e-17
3955.7 3.316e-17
3981.3 5.625e-17
4006.8 4.118e-17
4032.4 4.347e-18
4058.0 4.798e-17
4083.6 3.319e-17
4109.1 4.476e-17
4134.7 3.93e-17
4160.3 5.05e-17
4185.8 3.301e-17
4211.4 5.357e-17
4237.0 3.554e-17
4262.6 4.865e-17
4288.1 2.982e-17
4313.7 3.776e-17
4339.3 3.688e-17
4364.8 4.765e-17
4390.4 3.058e-17
4416.0 3.658e-17
4441.6 4.309e-17
4467.1 3.107e-17
4492.7 3.616e-17
4518.3 3.461e-17
4543.8 5.458e-17
4569.4 4.374e-17
4595.0 5.114e-17
4620.5 5.574e-17
4646.1 4.531e-17
4671.7 7.912e-17
4697.3 6.806e-17
4722.8 6.807e-17
4748.4 7.462e-17
4774.0 6.276e-17
4799.5 8.124e-17
4825.1 1.005e-16
4850.7 9.142e-17
4876.3 1.088e-16
4901.8 9.441e-17
4927.4 8.975e-17
4953.0 8.574e-17
4978.5 6.648e-17
5004.1 8.033e-17
5029.7 6.912e-17
5055.3 6.23e-17
5080.8 7.903e-17
5106.4 8.099e-17
5132.0 6.621e-17
5157.5 7.3e-17
5183.1 6.656e-17
5208.7 8.732e-17
5234.2 9.953e-17
5259.8 9.947e-17
5285.4 9.626e-17
5311.0 1.104e-16
5336.5 1.189e-16
5362.1 1.046e-16
5387.7 1.156e-16
5413.2 1.12e-16
5438.8 1.09e-16
5464.4 1.269e-16
5490.0 1.218e-16
5515.5 1.12e-16
5541.1 1.247e-16
5566.7 1.153e-16
5592.2 1.274e-16
5617.8 1.187e-16
5643.4 1.12e-16
5668.9 1.127e-16
5694.5 1.124e-16
5720.1 9.321e-17
5745.7 8.969e-17
5771.2 8.21e-17
5796.8 8.943e-17
5822.4 8.584e-17
5847.9 9.916e-17
5873.5 9.643e-17
5899.1 9.819e-17
5924.7 1.091e-16
5950.2 1.018e-16
5975.8 1.009e-16
6001.4 1.126e-16
6026.9 1.183e-16
6052.5 1.091e-16
6078.1 1.125e-16
6103.7 1.151e-16
6129.2 1.065e-16
6154.8 1.01e-16
6180.4 1.04e-16
6205.9 1.126e-16
6231.5 1.099e-16
6257.1 1.099e-16
6282.6 1.07e-16
6308.2 9.538e-17
6333.8 9.67e-17
6359.4 1.064e-16
6384.9 8.987e-17
6410.5 9.102e-17
6436.1 9.222e-17
6461.6 8.658e-17
6487.2 8.905e-17
6512.8 9.108e-17
6538.4 8.495e-17
6563.9 7.513e-17
6589.5 7.585e-17
6615.1 7.483e-17
6640.6 7.553e-17
6666.2 7.617e-17
6691.8 7.43e-17
6717.4 7.339e-17
6742.9 7.038e-17
6768.5 6.995e-17
6794.1 7.356e-17
6819.6 7.985e-17
6845.2 8.837e-17
6870.8 9.041e-17
6896.3 8.649e-17
6921.9 8.573e-17
6947.5 9.034e-17
6973.1 9.252e-17
6998.6 9.343e-17
7024.2 9.041e-17
7049.8 8.602e-17
7075.3 8.575e-17
7100.9 8.337e-17
7126.5 7.868e-17
7152.1 7.433e-17
7177.6 7.006e-17
7203.2 7.036e-17
7228.8 7.271e-17
7254.3 7.22e-17
7279.9 7.064e-17
7305.5 7.043e-17
7331.1 7.036e-17
7356.6 6.879e-17
7382.2 6.926e-17
7407.8 7.408e-17
7433.3 8.007e-17
7458.9 8.399e-17
7484.5 8.317e-17
7510.0 8.366e-17
7535.6 8.89e-17
7561.2 9.285e-17
7586.8 9.507e-17
7612.3 8.86e-17
7637.9 8.27e-17
7663.5 8.157e-17
7689.0 8.11e-17
7714.6 8.355e-17
7740.2 8.504e-17
7765.8 8.313e-17
7791.3 8.318e-17
7816.9 8.371e-17
7842.5 8.373e-17
7868.0 8.451e-17
7893.6 8.387e-17
7919.2 8.045e-17
7944.7 8.331e-17
7970.3 8.612e-17
7995.9 8.282e-17
8021.5 7.879e-17
8047.0 7.937e-17
8072.6 8.145e-17
8098.2 7.989e-17
8123.7 8.115e-17
8149.3 8.406e-17
8174.9 7.819e-17
8200.5 7.004e-17
8226.0 6.71e-17
8251.6 6.393e-17
8277.2 6.011e-17
8302.7 5.642e-17
8328.3 5.571e-17
8353.9 5.656e-17
8379.5 5.821e-17
8405.0 6.227e-17
8430.6 6.452e-17
8456.2 5.982e-17
8481.7 5.693e-17
8507.3 6.059e-17
8532.9 6.338e-17
8558.4 6.276e-17
8584.0 5.998e-17
8609.6 5.873e-17
8635.2 6.138e-17
8660.7 6.065e-17
8686.3 6.022e-17
8711.9 6.414e-17
8737.4 6.42e-17
8763.0 5.914e-17
8788.6 5.745e-17
8814.2 5.987e-17
8839.7 5.676e-17
8865.3 4.939e-17
8890.9 4.983e-17
8916.4 5.249e-17
8942.0 4.986e-17
8967.6 5.123e-17
8993.2 5.107e-17
9018.7 4.674e-17
9044.3 4.751e-17
9069.9 5.069e-17
9095.4 5.29e-17
9121.0 4.819e-17
9146.6 3.803e-17
9172.1 3.501e-17
9197.7 4.213e-17
9223.3 4.308e-17
